   0.10000   0.30000   0.50000
   0.20000   0.40000   0.60000
a1 =

   1.00000   0.54030  -0.41615
   1.00000  -0.98999  -0.65364
   1.00000   0.28366   0.96017

z2 =

   0.90000  -0.10114   0.24238
   1.20000  -0.11774   0.23142

a2 =

   0.71095   0.47474   0.56030
   0.76852   0.47060   0.55760

a2 =

   1.00000   1.00000   1.00000
   0.71095   0.47474   0.56030
   0.76852   0.47060   0.55760

z3 =

   2.6348   1.9281   2.1527
   2.8828   2.1226   2.3645
   3.1307   2.3172   2.5763
   3.3787   2.5117   2.7881

a3 =

   0.93307   0.87304   0.89592
   0.94699   0.89308   0.91408
   0.95814   0.91029   0.92932
   0.96703   0.92496   0.94203

J = 0
grad =

   0
   0
   0
   0
   0
   0
   0
   0
   0
   0
   0
   0
   0
   0
   0
   0
   0
   0

   0.10000   0.30000   0.50000
   0.20000   0.40000   0.60000
a1 =

   1.00000   0.54030  -0.41615
   1.00000  -0.98999  -0.65364
   1.00000   0.28366   0.96017

z2 =

   0.90000  -0.10114   0.24238
   1.20000  -0.11774   0.23142

a2 =

   0.71095   0.47474   0.56030
   0.76852   0.47060   0.55760

a2 =

   1.00000   1.00000   1.00000
   0.71095   0.47474   0.56030
   0.76852   0.47060   0.55760

z3 =

   2.6348   1.9281   2.1527
   2.8828   2.1226   2.3645
   3.1307   2.3172   2.5763
   3.3787   2.5117   2.7881

a3 =

   0.93307   0.87304   0.89592
   0.94699   0.89308   0.91408
   0.95814   0.91029   0.92932
   0.96703   0.92496   0.94203

J = 0
grad =

   0
   0
   0
   0
   0
   0
   0
   0
   0
   0
   0
   0
   0
   0
   0
   0
   0
   0

