d3 =

   0.888659   0.907427   0.923305  -0.063351
   0.838178  -0.139718   0.879800   0.896918
   0.923414   0.938578  -0.049102   0.960851

d2 =

   0.79393   1.05281
   0.73674   0.95128
   0.76775   0.93560

delta1 =

   2.298415  -0.082619  -0.074786
   2.939691  -0.107533  -0.161585

delta2 =

   1.81910   1.53013   2.09673
   1.34393   1.19058   1.48042
   1.34849   1.23302   1.46954
   0.91753   0.61334   1.21005

Theta1_grad =

   6.89525  -0.24786  -0.22436
   8.81907  -0.32260  -0.48476

Theta2_grad =

   5.4573   4.5904   6.2902
   4.0318   3.5717   4.4413
   4.0455   3.6991   4.4086
   2.7526   1.8400   3.6301

J =  19.474
grad =

   6.89525
   8.81907
  -0.24786
  -0.32260
  -0.22436
  -0.48476
   5.45731
   4.03180
   4.04548
   2.75259
   4.59040
   3.57174
   3.69907
   1.84002
   6.29019
   4.44126
   4.40863
   3.63014

z2 =

   0.054017  -0.523820   0.665184
   0.166433  -0.588183   0.889567

d3 =

   0.888659   0.907427   0.923305  -0.063351
   0.838178  -0.139718   0.879800   0.896918
   0.923414   0.938578  -0.049102   0.960851

d2 =

   0.79393   1.05281
   0.73674   0.95128
   0.76775   0.93560

delta1 =

   2.298415  -0.082619  -0.074786
   2.939691  -0.107533  -0.161585

   1.00000   1.00000   1.00000
   0.51350   0.37196   0.66042
   0.54151   0.35705   0.70880
delta2 =

   1.81910   1.53013   2.09673
   1.34393   1.19058   1.48042
   1.34849   1.23302   1.46954
   0.91753   0.61334   1.21005

Theta1_grad =

   6.89525  -0.24786  -0.22436
   8.81907  -0.32260  -0.48476

Theta2_grad =

   5.4573   4.5904   6.2902
   4.0318   3.5717   4.4413
   4.0455   3.6991   4.4086
   2.7526   1.8400   3.6301

J =  19.474
grad =

   6.89525
   8.81907
  -0.24786
  -0.32260
  -0.22436
  -0.48476
   5.45731
   4.03180
   4.04548
   2.75259
   4.59040
   3.57174
   3.69907
   1.84002
   6.29019
   4.44126
   4.40863
   3.63014

   0.054017   0.166433
  -0.523820  -0.588183
   0.665184   0.889567
ans =

   0.24982   0.24828
   0.23361   0.22957
   0.22426   0.20640

d3 =

   0.888659   0.907427   0.923305  -0.063351
   0.838178  -0.139718   0.879800   0.896918
   0.923414   0.938578  -0.049102   0.960851

d2 =

   0.79393   1.05281
   0.73674   0.95128
   0.76775   0.93560

delta1 =

   2.298415  -0.082619  -0.074786
   2.939691  -0.107533  -0.161585

delta2 =

   1.81910   1.53013   2.09673
   1.34393   1.19058   1.48042
   1.34849   1.23302   1.46954
   0.91753   0.61334   1.21005

Theta1_grad =

   6.89525  -0.24786  -0.22436
   8.81907  -0.32260  -0.48476

Theta2_grad =

   5.4573   4.5904   6.2902
   4.0318   3.5717   4.4413
   4.0455   3.6991   4.4086
   2.7526   1.8400   3.6301

J =  19.474
grad =

   6.89525
   8.81907
  -0.24786
  -0.32260
  -0.22436
  -0.48476
   5.45731
   4.03180
   4.04548
   2.75259
   4.59040
   3.57174
   3.69907
   1.84002
   6.29019
   4.44126
   4.40863
   3.63014

ans =

   0.054017   0.166433
  -0.523820  -0.588183
   0.665184   0.889567

a2 =

   1.00000   1.00000   1.00000
   0.51350   0.37196   0.66042
   0.54151   0.35705   0.70880

a3 =

   0.88866   0.83818   0.92341
   0.90743   0.86028   0.93858
   0.92330   0.87980   0.95090
   0.93665   0.89692   0.96085

ans =

   0.24982   0.24828
   0.23361   0.22957
   0.22426   0.20640

d3 =

   0.888659   0.907427   0.923305  -0.063351
   0.838178  -0.139718   0.879800   0.896918
   0.923414   0.938578  -0.049102   0.960851

d2 =

   0.79393   1.05281
   0.73674   0.95128
   0.76775   0.93560

delta1 =

   2.298415  -0.082619  -0.074786
   2.939691  -0.107533  -0.161585

delta2 =

   1.81910   1.53013   2.09673
   1.34393   1.19058   1.48042
   1.34849   1.23302   1.46954
   0.91753   0.61334   1.21005

Theta1_grad =

   6.89525  -0.24786  -0.22436
   8.81907  -0.32260  -0.48476

Theta2_grad =

   5.4573   4.5904   6.2902
   4.0318   3.5717   4.4413
   4.0455   3.6991   4.4086
   2.7526   1.8400   3.6301

J =  19.474
grad =

   6.89525
   8.81907
  -0.24786
  -0.32260
  -0.22436
  -0.48476
   5.45731
   4.03180
   4.04548
   2.75259
   4.59040
   3.57174
   3.69907
   1.84002
   6.29019
   4.44126
   4.40863
   3.63014

d3 =

   0.888659   0.907427   0.923305  -0.063351
   0.838178  -0.139718   0.879800   0.896918
   0.923414   0.938578  -0.049102   0.960851

d2 =

   0.79393   1.05281
   0.73674   0.95128
   0.76775   0.93560

delta1 =

   2.298415  -0.082619  -0.074786
   2.939691  -0.107533  -0.161585

delta2 =

   2.65025   1.37794   1.43501
   1.70629   1.03385   1.10676
   1.75400   0.76894   0.77931
   1.79442   0.93566   0.96699

Theta1_grad =

   0.766138  -0.027540  -0.024929
   0.979897  -0.035844  -0.053862

Theta2_grad =

   0.88342   0.45931   0.47834
   0.56876   0.34462   0.36892
   0.58467   0.25631   0.25977
   0.59814   0.31189   0.32233

J =  19.474
grad =

   0.766138
   0.979897
  -0.027540
  -0.035844
  -0.024929
  -0.053862
   0.883417
   0.568762
   0.584668
   0.598139
   0.459314
   0.344618
   0.256313
   0.311885
   0.478337
   0.368920
   0.259771
   0.322331

